1,NGUYEN TRUONG,AN,NAM,205965619,3
N342019,3,4,2019,N,13955000,5
A_TH_NM,15,150000,10,2475000
A_TH_NU,25,180000,15,5175000
A_KKK_NM,10,250000,15,2875000
AD_KY,7,200000,10,1540000
DP_TH_NM,15,120000,5,1890000
X1592019,15,9,2019,X,13421500,3
V_PURPLE,17,300000,20,6120000
A_TT_NM,15,180000,10,3564000
DP_QN_NU,25,130000,15,3737500
X372020,3,7,2020,X,2024000,3
A_TH_NM,3,150000,10,495000
A_TH_NU,4,160000,10,704000
A_KH_NM,3,250000,10,825000
2,NGUYEN DINH NHAT,ANH,NAM,206028276,2
X10102019,10,10,2019,X,15301600,4
GY_HT_NM,10,350000,20,4200000
DP_CG,15,200000,12,3360000
A_TTP_NU,16,195000,15,3588000
A_TT_NM,22,160000,18,4153600
X472020,4,7,2020,X,1870000,2
A_KH_NU,3,260000,10,858000
A_SMN_NM,4,230000,10,1012000
3,LE THI,ANH,NU,206206670,2
N15102019,15,10,2019,N,8096000,2
SD_NU,16,240000,15,4416000
V_XAVIA,10,320000,15,3680000
X572020,5,7,2020,X,2772000,3
A_SMD_NM,3,240000,10,792000
A_LEN_NM,4,300000,10,1320000
A_LEN_NU,2,300000,10,660000
4,PHAN QUOC,BAO,NAM,205666970,2
N151020192,15,10,2019,N,12940500,2
AD_LN,15,310000,25,5812500
A_NTLOL,24,270000,10,7128000
X672020,6,7,2020,X,1133000,2
A_SW_NM,3,210000,10,693000
A_THKK_NM,2,200000,10,440000
5,TRINH THANH,BINH,NU,206320467,2
X101120192,10,11,2019,X,12669000,3
A_2D_NU,10,210000,10,2310000
Q_SHK,10,270000,15,3105000
QJ_BG_NM,20,310000,17,7254000
X772020,7,7,2020,X,1782000,2
A_THKK_NU,2,210000,10,462000
A_KKK_NM,4,300000,10,1320000
6,BUI VIET,CUONG,NAM,206214415,0
7,NGUYEN THE,CUONG,NAM,206318535,2
X25112019,25,11,2019,X,21200500,3
Q_JG_NM,16,290000,20,5568000
Q_TP_NAM,20,280000,20,6720000
SD_NAM,25,310000,15,8912500
X872020,8,7,2020,X,1650000,2
A_KKK_NU,2,300000,10,660000
A_TT_NM,5,180000,10,990000
8,DUONG PHUONG,DUNG,NU,206365652,0
9,NGUYEN TIEN,DUNG,NAM,205090069,3
X15122019,15,12,2019,X,13878500,3
A_LEN_NM,20,350000,25,8750000
DP_TH_NM,15,150000,15,2587500
GY_SN_NM,7,330000,10,2541000
X2352020,23,5,2020,X,11385000,2
A_KH_NU,16,300000,15,5520000
A_SMN_NM,17,300000,15,5865000
X1172020,11,7,2020,X,1864500,3
A_THAS_NU,2,210000,10,462000
A_2D_NU,3,195000,10,643500
V_XAVIA,3,230000,10,759000
10,PHAN BA,DAT,NAM,206269652,2
N20122019,20,12,2019,N,9101500,3
A_SW_NM,10,220000,10,2420000
A_KKK_NM,17,230000,15,4496500
A_THAS_NU,10,190000,15,2185000
X972020,9,7,2020,X,1375000,3
A_TT_NU,3,180000,10,594000
A_NTLOL,1,250000,10,275000
A_TTP_NU,2,230000,10,506000
11,PHAN,DAI,NAM,206210174,1
X25122019,25,12,2019,X,13031200,4
A_THKK_NM,12,21000,10,277200
A_THKK_NU,16,160000,15,2944000
A_KKK_NM,5,300000,10,1650000
A_KKK_NU,20,340000,20,8160000
12,DUONG TRUC,DONG,NAM,206331867,1
X1372020,13,7,2020,X,1595000,2
V_PURPLE,2,260000,10,572000
AD_LN,3,310000,10,1023000
13,PHAM PHAN DAI,HAI,NAM,206312012,2
X1212019,12,12,2019,X,9887000,4
A_NTLOL,10,190000,10,2090000
A_TTP_NU,12,180000,15,2484000
A_THAS_NU,10,190000,15,2185000
A_2D_NU,16,170000,15,3128000
X1472020,14,7,2020,X,1611500,2
AD_KY,2,290000,10,638000
AD_CT,3,295000,10,973500
14,NGUYEN TAN,HAO,NAM,206306695,0
15,PHUONG TU,HIEN,NU,206342128,2
N1812019,18,12,2019,N,15503500,4
V_XAVIA,13,210000,15,3139500
V_PURPLE,14,240000,15,3864000
AD_LN,13,250000,20,3900000
AD_KY,16,250000,15,4600000
X1672020,16,7,2020,X,2266000,3
Q_SHK,3,260000,10,858000
Q_ASL,2,250000,10,550000
QJ_BG_NM,3,260000,10,858000
16,VO MINH,HIEU,NAM,205863793,1
X1872020,18,7,2020,X,2365000,3
Q_JG_NM,3,270000,10,891000
Q_TP_NAM,2,280000,10,616000
Q_SJN,3,260000,10,858000
17,VU,HOANG,NAM,206224090,2
X2512020,25,12,2019,X,11604000,3
Q_SHK,10,230000,10,2530000
Q_ASL,15,260000,10,4290000
QJ_BG_NM,16,260000,15,4784000
X1972020,19,7,2020,X,1320000,2
SD_NAM,3,230000,10,759000
DP_UL_NM,3,170000,10,561000
18,PHAN THI PHUONG,HUE,NU,205994635,2
X562020,5,6,2020,X,18293500,3
QJ_BG_NM,27,290000,15,9004500
Q_JG_NM,14,2900000,15,4669000
Q_TP_NAM,15,280000,10,4620000
X1262020,12,6,2020,X,9075000,3
SD_NAM,10,250000,10,2750000
DP_UL_NM,10,230000,10,2530000
DP_TH_NM,15,230000,10,3795000
19,PHAN QUOC,HUNG,NAM,206065665,1
X2072020,20,7,2020,X,1749000,2
DP_TH_NM,1,240000,10,264000
GY_SN_NM,5,270000,10,1485000
20,PHAN GIA ANH,KHOA,NAM,205534947,2
N1772020,17,7,2020,N,68885000,3
GY_SN_NM,15,300000,15,5175000
GY_PB_NM,16,3100000,15,57040000
GY_HT_NM,20,290000,15,6670000
N2172020,21,7,2020,N,17121000,4
DP_CG,14,250000,10,3850000
GY_NU_MN,14,260000,15,4186000
GY_SN_NU,15,300000,15,5175000
DP_QN_NU,17,200000,15,3910000
21,NGUYEN MINH,KIEN,NAM,206201489,1
X2272020,22,7,2020,X,1782000,3
GY_PB_NM,2,270000,10,594000
GY_HT_NM,2,300000,10,660000
SD_NU,2,240000,10,528000
22,PHAN THI MY,KIEU,NU,206239452,1
N1662020,16,6,2020,N,13805000,3
GY_PB_NM,15,250000,10,4125000
GY_HT_NM,15,280000,10,4620000
SD_NU,20,230000,10,5060000
23,TRUONG HOANG,LUAN,NAM,206224285,1
X2472020,24,7,2020,X,594000,1
A_TT_NM,3,180000,10,594000
24,TA DUC,MANH,NAM,206337379,1
X2572020,25,7,2020,X,1958000,3
DP_CG,2,235000,10,517000
GY_NU_MN,2,220000,10,484000
GY_SN_NU,3,290000,10,957000
25,NGUYEN HOANG,NAM,NAM,206260834,1
X2672020,26,7,2020,X,1820500,3
A_TH_NU,3,180000,10,594000
A_KH_NM,2,295000,10,649000
DP_QN_NU,3,175000,10,577500
26,TRAN THI MY,NGOC,NU,206350178,3
N2062020,20,6,2020,N,15985000,4
DP_CG,15,270000,15,4657500
GY_NU_MN,10,290000,15,3335000
GY_SN_NU,10,320000,15,3680000
DP_QN_NU,15,250000,15,4312500
X2362020,23,6,2020,X,15773000,3
A_KH_NM,15,300000,15,5175000
A_KH_NU,15,300000,15,5175000
A_SMN_NM,17,290000,10,5423000
X2562020,25,6,2020,X,19102500,4
A_LEN_NM,15,310000,15,5347500
A_LEN_NU,15,300000,15,5175000
A_SW_NM,10,280000,10,3080000
A_THKK_NM,20,250000,10,5500000
27,TRAN TRUNG,NGUYEN,NAM,205554839,2
X2962020,29,6,2020,X,8912500,2
A_KKK_NM,10,310000,15,3565000
A_KKK_NU,15,310000,15,5347500
N272020,27,2,2020,N,8800000,2
A_TT_NU,20,200000,10,4400000
A_NTLOL,20,200000,10,4400000
28,NGUYEN THANH,PHONG,NAM,205840292,0
29,TRAN HONG,QUAN,NAM,206037631,1
N672020,6,7,2020,N,12144000,3
A_THAS_NU,15,210000,10,3465000
A_2D_NU,15,220000,10,3630000
V_XAVIA,17,270000,10,5049000
30,NGUYEN MINH ANH,QUOC,NAM,205965609,3
X1072020,10,7,2020,X,18963500,3
AD_LN,17,320000,15,6256000
AD_KY,17,320000,15,6256000
AD_CT,17,330000,15,6451500
X1272020,12,7,2020,X,14835000,3
Q_ASL,15,290000,15,5002500
QJ_BG_NM,14,300000,15,4830000
Q_JG_NM,15,290000,15,5002500
X1572020,15,7,2020,X,13558500,3
Q_SJN,14,300000,15,4830000
SD_NAM,15,250000,15,4312500
DP_UL_NM,16,240000,15,4416000
31,VO HUU TRUONG,QUYNH,NAM,206222063,1
N2712020,27,1,2020,N,8747000,3
SD_NAM,7,210000,10,1617000
DP_UL_NM,16,200000,15,3680000
DP_TH_NM,15,200000,15,3450000
32,TRAN THI HONG,QUYEN,NU,206274071,1
N222020,22,2,2020,N,8061500,2
A_KH_NU,15,290000,15,5002500
A_SMN_NM,14,190000,15,3059000
33,NGUYEN DINH,SON,NAM,206268056,1
X522020,5,2,2020,X,15576000,4
A_LEN_NM,10,310000,15,3565000
A_LEN_NU,15,300000,15,5175000
A_SW_NM,14,270000,20,4536000
A_THKK_NM,10,200000,15,2300000
34,NGUYEN HUU,TAI,NAM,205909041,1
X1022020,10,2,2020,X,9683000,2
A_KKK_NM,10,330000,15,3795000
A_KKK_NU,16,320000,15,5888000
35,VO DINH,TAN,NAM,205186124,2
X1522020,15,2,2020,X,8280000,3
A_TT_NU,10,210000,15,2415000
A_NTLOL,15,200000,15,3450000
A_TTP_NU,10,210000,15,2415000
N2552020,25,5,2020,N,8800000,2
A_TT_NM,20,200000,10,4400000
A_TT_NU,20,200000,10,4400000
36,NGUYEN VAN,THANH,NAM,206124450,1
N1722020,17,2,2020,N,11902500,3
A_THAS_NU,10,200000,15,2300000
A_2D_NU,20,230000,15,5290000
V_XAVIA,15,250000,15,4312500
37,VO HUYNH,THIEN,NAM,206068624,1
N2022020,20,2,2020,N,7802250,2
V_PURPLE,15,21000,15,362250
AD_LN,20,310000,20,7440000
38,DUONG KHANH,THU,NU,201447547,2
X2222020,22,2,2020,X,12707500,3
AD_CT,15,330000,15,5692500
Q_SHK,10,300000,15,3450000
Q_ASL,10,310000,15,3565000
X182020,1,8,2020,X,2233000,3
A_KH_NU,3,300000,10,990000
A_SMN_NM,2,280000,10,616000
A_SMD_NM,2,285000,10,627000
39,LE THI ANH,THU,NU,206394668,1
X2622020,26,2,2020,X,12351500,3
QJ_BG_NM,15,200000,20,3600000
Q_JG_NM,16,210000,15,3864000
Q_TP_NAM,17,250000,15,4887500
40,NGUYEN THANH,TIN,NAM,206314125,1
X2042020,20,4,2020,X,11573000,3
A_TH_NM,20,180000,10,3960000
A_SW_NM,16,200000,15,3680000
A_TT_NM,18,190000,15,3933000
41,NGUYEN THI NGOC,TRAN,NU,206309927,3
X2342020,23,4,2020,X,18124000,4
A_TTP_NU,23,230000,15,6083500
A_2D_NU,18,210000,15,4347000
V_PURPLE,7,270000,15,2173500
AD_KY,16,300000,15,5520000
N2852020,28,5,2020,N,15055000,3
A_TTP_NU,17,210000,15,4105500
A_2D_NU,18,190000,10,3762000
V_PURPLE,25,250000,15,7187500
X262020,2,6,2020,X,18515000,3
AD_KY,15,300000,15,5175000
AD_CT,20,310000,15,7130000
Q_SHK,20,270000,15,6210000
42,DOAN NGOC,TRI,NAM,205838005,1
X2642020,26,4,2020,X,10522500,2
Q_SHK,15,290000,15,5002500
Q_ASL,16,300000,15,5520000
43,BUI NGOC,TUAN,NAM,206069742,1
X352020,3,5,2020,X,16146000,3
Q_JG_NM,17,280000,15,5474000
Q_TP_NAM,15,290000,15,5002500
Q_SJN,17,290000,15,5669500
44,LY ANH,TUAN,NAM,206065684,1
X2372020,23,7,2020,X,8397000,3
SD_NAM,16,160000,10,2816000
DP_UL_NM,10,200000,10,2200000
DP_TH_NM,14,210000,15,3381000
45,VAN BA,VIET,NAM,206316082,1
N2052020,20,5,2020,N,13616500,3
GY_PB_NM,17,270000,10,5049000
GY_HT_NM,17,290000,15,5669500
SD_NU,12,210000,15,2898000
46,NGUYEN THI ANH,VU,NU,206195735,2
N2152020,21,5,2020,N,16077000,4
DP_CG,10,240000,15,2760000
GY_NU_MN,14,290000,15,4669000
GY_SN_NU,13,290000,15,4335500
DP_QN_NU,15,250000,15,4312500
X682020,6,8,2020,X,2937000,4
A_LEN_NM,3,320000,10,1056000
A_LEN_NU,2,325000,10,715000
A_SW_NM,3,300000,10,660000
A_THKK_NM,2,230000,10,506000